name: Greg Borenstein
color: [58, 67, 20, 255]
point1: [9.73207759857178, 8.02608394622803, 0]
point2: [38.829029083252, 39.4926223754883, 0]
size1: 4
size2: 17